Спасибо!
Рекомендую, это лучшая компания на свете
Отличные ребята.
Благодарю за отличную работу!